YEAR MONTH DAY LATITUDE LONGITUDE MAX_WIND MSLP CATEGORY ACE STORM_NAME
2020 11 14 -7.4 79.7 45 997  XX 0.2 ALICIA 
2020 11 14 -8.2 78.2 45 996  XX 0.2 ALICIA 
2020 11 14 -9.5 77.2 50 994  XX 0.25 ALICIA 
2020 11 14 -10.5 76.2 55 991  XX 0.3 ALICIA 
2020 11 15 -11.8 74.7 55 991  XX 0.3 ALICIA 
2020 11 15 -13.2 73.8 60 988  XX 0.36 ALICIA 
2020 11 15 -13.6 73.3 60 986  XX 0.36 ALICIA 
2020 11 15 -14.2 73.2 65 986  XX 0.42 ALICIA 
2020 11 16 -15.6 72.8 65 984  XX 0.42 ALICIA 
2020 11 16 -16.3 72.3 65 983  XX 0.42 ALICIA 
2020 11 16 -16.7 71.8 55 986  XX 0.3 ALICIA 
2020 11 16 -16.6 71.8 45 996  XX 0.2 ALICIA 
2020 11 17 -16.6 71.7 45 994  XX 0.2 ALICIA 
2020 11 17 -17.0 71.6 35 999  XX 0.12 ALICIA 
2020 11 17 -17.2 71.4 35 999  XX 0.12 ALICIA 
2020 12 7 -15.1 80.9 40 1000  XX 0.16 BONGOYO 
2020 12 7 -15.5 80.0 45 1000  XX 0.2 BONGOYO 
2020 12 8 -15.9 79.3 55 993  XX 0.3 BONGOYO 
2020 12 8 -16.8 78.1 55 992  XX 0.3 BONGOYO 
2020 12 8 -17.7 77.5 55 992  XX 0.3 BONGOYO 
2020 12 8 -18.7 76.8 55 995  XX 0.3 BONGOYO 
2020 12 9 -19.8 76.5 55 993  XX 0.3 BONGOYO 
2020 12 9 -20.5 76.0 45 998  XX 0.2 BONGOYO 
2020 12 9 -20.7 76.0 45 998  XX 0.2 BONGOYO 
2020 12 9 -20.7 75.9 40 1000  XX 0.16 BONGOYO 
2020 12 10 -20.9 75.8 40 999  XX 0.16 BONGOYO 
2020 12 10 -21.3 76.0 40 999  XX 0.16 BONGOYO 
2020 12 10 -21.2 75.8 40 999  XX 0.16 BONGOYO 
2020 12 10 -21.4 75.3 35 1002  XX 0.12 BONGOYO 
2020 12 10 -22.2 75.3 35 1005  XX 0.12 BONGOYO 
2020 12 11 -21.9 74.6 35 1004  XX 0.12 BONGOYO 
2020 12 11 -21.7 74.3 35 1001  XX 0.12 BONGOYO 
2020 12 8 -11.0 108.5 45 992  XX 0.2 THREE 
2020 12 9 -11.1 109.0 45 994  XX 0.2 THREE 
2020 12 9 -11.6 109.9 45 993  XX 0.2 THREE 
2020 12 9 -12.4 110.6 35 998  XX 0.12 THREE 
2020 12 9 -13.3 110.9 35 998  XX 0.12 THREE 
2020 12 10 -14.0 111.3 35 1000  XX 0.12 THREE 
2020 12 10 -14.8 112.3 35 1001  XX 0.12 THREE 
2020 12 10 -14.8 112.3 35 1000  XX 0.12 THREE 
2020 12 10 -15.7 113.3 35 1001  XX 0.12 THREE 
2020 12 10 -16.9 114.4 35 1000  XX 0.12 THREE 
2020 12 11 -19.7 117.1 40 999  XX 0.16 THREE 
2020 12 11 -21.1 119.0 35 999  XX 0.12 THREE 
2020 12 11 -12.1 179.9 35 1001  XX 0.12 FOUR 
2020 12 11 -12.9 178.9 35 1000  XX 0.12 FOUR 
2020 12 11 -13.0 178.4 40 997  XX 0.16 FOUR 
2020 12 11 -14.3 177.9 40 998  XX 0.16 FOUR 
2020 12 12 -14.8 176.3 40 1000  XX 0.16 FOUR 
2020 12 12 -15.8 174.6 35 1000  XX 0.12 FOUR 
2020 12 12 -13.7 172.9 35 1000  XX 0.12 YASA 
2020 12 12 -14.3 173.0 35 998  XX 0.12 YASA 
2020 12 13 -15.1 173.3 40 998  XX 0.16 YASA 
2020 12 13 -15.3 172.7 45 993  XX 0.2 YASA 
2020 12 13 -15.6 172.3 45 995  XX 0.2 YASA 
2020 12 13 -15.7 172.3 55 990  XX 0.3 YASA 
2020 12 14 -15.8 171.9 60 987  XX 0.36 YASA 
2020 12 14 -15.8 171.7 65 981  XX 0.42 YASA 
2020 12 14 -15.6 171.6 65 983  XX 0.42 YASA 
2020 12 14 -15.4 172.1 70 978  XX 0.49 YASA 
2020 12 15 -15.0 172.4 85 968  XX 0.72 YASA 
2020 12 15 -14.9 173.0 105 949  XX 1.1 YASA 
2020 12 15 -14.8 173.2 110 946  XX 1.21 YASA 
2020 12 15 -14.7 173.5 135 919  XX 1.82 YASA 
2020 12 16 -14.6 174.1 140 914  XX 1.96 YASA 
2020 12 16 -15.0 175.0 140 914  XX 1.96 YASA 
2020 12 16 -15.2 175.6 140 915  XX 1.96 YASA 
2020 12 16 -15.5 176.7 135 918  XX 1.82 YASA 
2020 12 17 -16.0 177.7 130 925  XX 1.69 YASA 
2020 12 17 -16.5 178.8 130 924  XX 1.69 YASA 
2020 12 17 -17.2 -179.9 115 943  XX 1.32 YASA 
2020 12 17 -17.9 -179.4 85 967  XX 0.72 YASA 
2020 12 18 -18.3 -178.9 75 975  XX 0.56 YASA 
2020 12 18 -19.1 -178.3 75 974  XX 0.56 YASA 
2020 12 18 -19.9 -177.8 70 977  XX 0.49 YASA 
2020 12 18 -20.1 -177.8 65 981  XX 0.42 YASA 
2020 12 19 -21.0 -178.3 50 989  XX 0.25 YASA 
2020 12 19 -21.7 -178.0 45 990  XX 0.2 YASA 
2020 12 19 -22.1 -177.8 50 990  XX 0.25 YASA 
2020 12 19 -22.8 -178.0 50 988  XX 0.25 YASA 
2020 12 13 -17.0 -173.4 35 1003  XX 0.12 ZAZU 
2020 12 13 -17.6 -173.6 35 1002  XX 0.12 ZAZU 
2020 12 14 -17.9 -174.1 40 1000  XX 0.16 ZAZU 
2020 12 14 -18.3 -174.3 45 995  XX 0.2 ZAZU 
2020 12 14 -18.8 -174.5 45 995  XX 0.2 ZAZU 
2020 12 14 -18.9 -174.2 45 992  XX 0.2 ZAZU 
2020 12 15 -18.8 -174.0 50 990  XX 0.25 ZAZU 
2020 12 15 -19.0 -173.6 45 992  XX 0.2 ZAZU 
2020 12 15 -19.6 -172.4 50 990  XX 0.25 ZAZU 
2020 12 15 -19.8 -171.3 55 985  XX 0.3 ZAZU 
2020 12 16 -20.8 -170.3 55 985  XX 0.3 ZAZU 
2020 12 16 -21.8 -168.8 55 985  XX 0.3 ZAZU 
2020 12 16 -23.6 -167.0 55 985  XX 0.3 ZAZU 
2020 12 16 -25.9 -165.2 50 989  XX 0.25 ZAZU 
2020 12 25 -15.8 56.5 35 1001  XX 0.12 CHALANE 
2020 12 25 -15.9 55.6 35 1003  XX 0.12 CHALANE 
2020 12 25 -15.9 54.8 35 1001  XX 0.12 CHALANE 
2020 12 25 -16.3 53.6 35 1000  XX 0.12 CHALANE 
2020 12 26 -16.0 53.1 35 1000  XX 0.12 CHALANE 
2020 12 26 -16.1 52.4 35 1000  XX 0.12 CHALANE 
2020 12 26 -16.6 50.9 35 1000  XX 0.12 CHALANE 
2020 12 26 -17.4 49.7 35 1006  XX 0.12 CHALANE 
2020 12 28 -20.0 43.7 35 1007  XX 0.12 CHALANE 
2020 12 28 -20.0 41.6 40 1003  XX 0.16 CHALANE 
2020 12 29 -19.8 41.6 45 999  XX 0.2 CHALANE 
2020 12 29 -19.6 39.9 45 995  XX 0.2 CHALANE 
2020 12 29 -19.6 38.5 55 990  XX 0.3 CHALANE 
2020 12 29 -19.7 37.7 60 992  XX 0.36 CHALANE 
2020 12 30 -19.2 36.1 60 991  XX 0.36 CHALANE 
2020 12 30 -19.4 34.6 45 997  XX 0.2 CHALANE 
2021 1 1 -11.2 72.1 40 1000  XX 0.16 DANILO 
2021 1 2 -10.8 72.0 40 1000  XX 0.16 DANILO 
2021 1 2 -10.5 72.2 45 995  XX 0.2 DANILO 
2021 1 2 -10.8 72.5 45 994  XX 0.2 DANILO 
2021 1 2 -11.1 72.4 45 994  XX 0.2 DANILO 
2021 1 3 -11.2 72.6 50 989  XX 0.25 DANILO 
2021 1 3 -11.7 73.5 55 987  XX 0.3 DANILO 
2021 1 3 -12.3 74.2 55 984  XX 0.3 DANILO 
2021 1 3 -16.8 139.9 35 996  XX 0.12 IMOGEN 
2021 1 3 -17.4 140.9 45 995  XX 0.2 IMOGEN 
