YEAR MONTH DAY LATITUDE LONGITUDE MAX_WIND MSLP CATEGORY ACE STORM_NAME
2020 5 17 28.9 -78.0 35 1006  TS 0.12 ARTHUR 
2020 5 17 29.7 -77.7 35 1006  TS 0.12 ARTHUR 
2020 5 17 30.3 -77.4 35 1003  TS 0.12 ARTHUR 
2020 5 17 31.0 -77.3 40 1002  TS 0.16 ARTHUR 
2020 5 18 31.8 -77.0 40 1003  TS 0.16 ARTHUR 
2020 5 18 33.2 -76.7 40 1003  TS 0.16 ARTHUR 
2020 5 18 34.5 -75.8 45 1000  TS 0.2 ARTHUR 
2020 5 18 35.5 -74.6 45 993  TS 0.2 ARTHUR 
2020 5 19 36.2 -73.1 50 991  TS 0.25 ARTHUR 
2020 5 19 36.8 -71.5 50 991  TS 0.25 ARTHUR 
2020 5 27 31.4 -78.9 40 1008  TS 0.16 BERTHA 
2020 5 27 32.6 -79.4 45 1007  TS 0.2 BERTHA 
2020 6 2 19.5 -92.5 35 1004  TS 0.12 CRISTOBAL 
2020 6 2 19.2 -92.7 40 1001  TS 0.16 CRISTOBAL 
2020 6 3 19.2 -92.3 45 997  TS 0.2 CRISTOBAL 
2020 6 3 19.0 -92.1 50 994  TS 0.25 CRISTOBAL 
2020 6 3 18.8 -92.1 50 994  TS 0.25 CRISTOBAL 
2020 6 3 18.4 -91.9 45 995  TS 0.2 CRISTOBAL 
2020 6 4 18.3 -91.8 40 995  TS 0.16 CRISTOBAL 
2020 6 4 18.0 -91.5 35 997  TS 0.12 CRISTOBAL 
2020 6 5 20.8 -89.7 35 1000  TS 0.12 CRISTOBAL 
2020 6 6 22.2 -90.0 40 998  TS 0.16 CRISTOBAL 
2020 6 6 23.1 -90.1 40 998  TS 0.16 CRISTOBAL 
2020 6 6 23.8 -90.1 45 992  TS 0.2 CRISTOBAL 
2020 6 6 24.7 -90.2 45 994  TS 0.2 CRISTOBAL 
2020 6 7 25.7 -90.1 45 994  TS 0.2 CRISTOBAL 
2020 6 7 26.9 -90.0 45 993  TS 0.2 CRISTOBAL 
2020 6 7 28.2 -89.9 45 994  TS 0.2 CRISTOBAL 
2020 6 7 29.0 -89.8 45 993  TS 0.2 CRISTOBAL 
2020 6 8 29.8 -89.8 45 993  TS 0.2 CRISTOBAL 
2020 6 8 30.4 -90.6 35 994  TS 0.12 CRISTOBAL 
2020 6 23 39.0 -63.9 35 1005  TS 0.12 DOLLY 
2020 6 23 39.4 -62.7 40 1002  TS 0.16 DOLLY 
2020 6 23 39.8 -61.6 40 1002  TS 0.16 DOLLY 
2020 6 24 40.2 -60.6 35 1004  TS 0.12 DOLLY 
2020 7 6 36.4 -58.5 35 1008  TS 0.12 EDOUARD 
2020 7 6 38.1 -55.3 35 1008  TS 0.12 EDOUARD 
2020 7 6 39.9 -51.7 40 1007  TS 0.16 EDOUARD 
2020 7 6 41.8 -47.6 40 1005  TS 0.16 EDOUARD 
2020 7 9 35.4 -74.9 40 1005  TS 0.16 FAY 
2020 7 10 35.9 -74.8 40 1005  TS 0.16 FAY 
2020 7 10 36.8 -74.8 45 1005  TS 0.2 FAY 
2020 7 10 37.6 -74.7 45 998  TS 0.2 FAY 
2020 7 10 38.9 -74.4 50 998  TS 0.25 FAY 
2020 7 11 40.2 -74.3 35 1000  TS 0.12 FAY 
2020 7 22 9.8 -41.9 35 1006  TS 0.12 GONZALO 
2020 7 22 9.9 -43.0 40 1003  TS 0.16 GONZALO 
2020 7 22 9.9 -44.2 45 1000  TS 0.2 GONZALO 
2020 7 23 9.9 -45.4 50 998  TS 0.25 GONZALO 
2020 7 23 9.7 -46.6 55 997  TS 0.3 GONZALO 
2020 7 23 9.7 -47.6 55 997  TS 0.3 GONZALO 
2020 7 23 9.7 -48.8 50 1000  TS 0.25 GONZALO 
2020 7 24 9.8 -50.0 50 1000  TS 0.25 GONZALO 
2020 7 24 9.8 -51.3 50 1000  TS 0.25 GONZALO 
2020 7 24 9.9 -53.3 45 1002  TS 0.2 GONZALO 
2020 7 24 9.9 -54.8 35 1008  TS 0.12 GONZALO 
2020 7 25 10.0 -56.3 35 1009  TS 0.12 GONZALO 
2020 7 25 10.0 -57.8 35 1009  TS 0.12 GONZALO 
2020 7 25 10.3 -59.8 35 1009  TS 0.12 GONZALO 
2020 7 24 26.2 -91.1 35 1002  TS 0.12 HANNA 
2020 7 24 26.6 -92.0 35 1002  TS 0.12 HANNA 
2020 7 24 27.1 -92.8 40 1001  TS 0.16 HANNA 
2020 7 24 27.2 -93.7 45 999  TS 0.2 HANNA 
2020 7 25 27.1 -94.5 50 996  TS 0.25 HANNA 
2020 7 25 27.1 -95.3 60 988  TS 0.36 HANNA 
2020 7 25 27.1 -96.0 65 982  HU 0.42 HANNA 
2020 7 25 27.0 -96.8 75 973  HU 0.56 HANNA 
2020 7 26 26.7 -97.6 70 976  HU 0.49 HANNA 
2020 7 26 26.5 -98.5 60 983  TS 0.36 HANNA 
2020 7 26 26.2 -99.3 45 992  TS 0.2 HANNA 
2020 7 26 25.9 -100.1 35 1000  TS 0.12 HANNA 
2020 7 30 15.5 -65.7 45 1004  TS 0.2 ISAIAS 
2020 7 30 16.7 -67.2 50 1003  TS 0.25 ISAIAS 
2020 7 30 17.7 -68.5 55 1002  TS 0.3 ISAIAS 
2020 7 30 19.1 -69.8 60 999  TS 0.36 ISAIAS 
2020 7 31 19.9 -71.2 65 996  HU 0.42 ISAIAS 
2020 7 31 20.5 -72.7 70 990  HU 0.49 ISAIAS 
2020 7 31 21.3 -74.0 65 992  HU 0.42 ISAIAS 
2020 7 31 22.2 -75.2 65 991  HU 0.42 ISAIAS 
2020 5 31 13.3 -90.5 35 1003  TS 0.12 AMANDA 
2020 5 31 14.2 -90.3 35 1003  TS 0.12 AMANDA 
2020 6 25 11.0 -136.7 35 1005  TS 0.12 BORIS 
2020 6 26 11.3 -137.5 35 1005  TS 0.12 BORIS 
2020 7 7 10.9 -100.8 35 1005  TS 0.12 CRISTINA 
2020 7 7 11.4 -101.5 35 1005  TS 0.12 CRISTINA 
2020 7 7 12.0 -102.3 35 1005  TS 0.12 CRISTINA 
2020 7 7 12.8 -103.4 40 1003  TS 0.16 CRISTINA 
2020 7 8 13.4 -104.6 40 1003  TS 0.16 CRISTINA 
2020 7 8 13.8 -105.6 40 1003  TS 0.16 CRISTINA 
2020 7 8 14.6 -106.5 50 998  TS 0.25 CRISTINA 
2020 7 8 15.5 -107.3 50 998  TS 0.25 CRISTINA 
2020 7 9 16.1 -108.2 55 995  TS 0.3 CRISTINA 
2020 7 9 16.5 -109.0 55 995  TS 0.3 CRISTINA 
2020 7 9 17.1 -109.7 55 995  TS 0.3 CRISTINA 
2020 7 9 17.6 -110.6 60 993  TS 0.36 CRISTINA 
2020 7 10 18.1 -111.4 60 993  TS 0.36 CRISTINA 
2020 7 10 18.6 -112.4 60 993  TS 0.36 CRISTINA 
2020 7 10 18.9 -113.6 60 993  TS 0.36 CRISTINA 
2020 7 10 19.4 -114.7 60 993  TS 0.36 CRISTINA 
2020 7 11 20.0 -116.1 60 993  TS 0.36 CRISTINA 
2020 7 11 20.3 -117.6 60 993  TS 0.36 CRISTINA 
2020 7 11 20.5 -119.0 55 996  TS 0.3 CRISTINA 
2020 7 11 20.5 -120.4 50 999  TS 0.25 CRISTINA 
2020 7 12 20.5 -121.6 45 1000  TS 0.2 CRISTINA 
2020 7 12 20.6 -122.7 40 1002  TS 0.16 CRISTINA 
2020 7 12 20.6 -123.8 35 1005  TS 0.12 CRISTINA 
2020 7 12 20.6 -124.9 35 1005  TS 0.12 CRISTINA 
2020 7 21 13.3 -121.0 40 1004  TS 0.16 DOUGLAS 
2020 7 21 13.0 -122.3 50 1001  TS 0.25 DOUGLAS 
2020 7 21 12.6 -123.6 55 998  TS 0.3 DOUGLAS 
2020 7 21 12.2 -124.8 55 998  TS 0.3 DOUGLAS 
2020 7 22 12.1 -126.1 55 998  TS 0.3 DOUGLAS 
2020 7 22 11.8 -127.5 55 998  TS 0.3 DOUGLAS 
2020 7 22 11.6 -128.9 60 996  TS 0.36 DOUGLAS 
2020 7 22 11.9 -130.3 70 989  HU 0.49 DOUGLAS 
2020 7 23 12.3 -131.9 75 986  HU 0.56 DOUGLAS 
2020 7 23 12.8 -133.3 100 967  HU 1.0 DOUGLAS 
2020 7 23 13.3 -135.0 105 964  HU 1.1 DOUGLAS 
2020 7 23 13.8 -136.5 110 959  HU 1.21 DOUGLAS 
2020 7 24 14.6 -138.0 115 954  HU 1.32 DOUGLAS 
2020 7 24 15.3 -139.5 115 954  HU 1.32 DOUGLAS 
2020 7 24 16.1 -141.1 105 962  HU 1.1 DOUGLAS 
2020 7 24 16.7 -142.7 100 967  HU 1.0 DOUGLAS 
2020 7 25 17.5 -144.3 100 967  HU 1.0 DOUGLAS 
2020 7 25 18.2 -145.9 95 972  HU 0.9 DOUGLAS 
2020 7 25 18.7 -147.6 90 975  HU 0.81 DOUGLAS 
2020 7 25 19.1 -149.2 85 982  HU 0.72 DOUGLAS 
2020 7 26 19.7 -150.7 80 982  HU 0.64 DOUGLAS 
2020 7 26 20.1 -152.1 80 983  HU 0.64 DOUGLAS 
2020 7 26 20.5 -153.6 80 983  HU 0.64 DOUGLAS 
2020 7 26 21.0 -155.1 75 987  HU 0.56 DOUGLAS 
2020 7 27 21.7 -156.6 75 989  HU 0.56 DOUGLAS 
2020 7 27 22.3 -158.1 80 987  HU 0.64 DOUGLAS 
2020 7 27 22.7 -159.7 80 987  HU 0.64 DOUGLAS 
2020 7 27 22.8 -161.4 70 992  HU 0.49 DOUGLAS 
2020 7 28 22.9 -162.8 60 996  TS 0.36 DOUGLAS 
2020 7 28 23.2 -164.2 50 999  TS 0.25 DOUGLAS 
2020 7 28 23.8 -165.7 45 1003  TS 0.2 DOUGLAS 
2020 7 28 24.2 -167.7 40 1006  TS 0.16 DOUGLAS 
2020 7 29 24.4 -169.9 40 1006  TS 0.16 DOUGLAS 
2020 7 29 24.6 -172.1 35 1010  TS 0.12 DOUGLAS 
2020 5 12 11.9 129.2 50 996  XX 0.25 VONGFONG 
2020 5 13 11.8 128.9 60 992  XX 0.36 VONGFONG 
2020 5 13 12.0 128.5 70 982  XX 0.49 VONGFONG 
2020 5 13 12.2 127.9 90 970  XX 0.81 VONGFONG 
2020 5 13 12.1 127.0 105 957  XX 1.1 VONGFONG 
2020 5 14 12.1 126.2 90 970  XX 0.81 VONGFONG 
2020 5 14 12.2 125.3 100 962  XX 1.0 VONGFONG 
2020 5 14 12.3 124.9 85 974  XX 0.72 VONGFONG 
2020 5 14 12.5 123.6 65 987  XX 0.42 VONGFONG 
2020 5 15 13.3 122.7 65 987  XX 0.42 VONGFONG 
2020 5 15 14.1 121.9 60 990  XX 0.36 VONGFONG 
2020 5 15 16.2 121.1 45 998  XX 0.2 VONGFONG 
2020 5 16 18.0 120.0 35 1002  XX 0.12 VONGFONG 
2020 6 13 18.4 115.5 35 998  XX 0.12 NURI 
2020 6 13 19.7 115.2 35 997  XX 0.12 NURI 
2020 6 13 20.3 114.3 35 998  XX 0.12 NURI 
2020 5 16 10.3 86.0 40 995  XX 0.16 AMPHAN 
2020 5 16 10.9 86.3 45 992  XX 0.2 AMPHAN 
2020 5 17 10.9 86.3 60 981  XX 0.36 AMPHAN 
2020 5 17 11.4 86.3 65 980  XX 0.42 AMPHAN 
2020 5 17 12.0 86.4 75 975  XX 0.56 AMPHAN 
2020 5 17 12.6 86.6 115 938  XX 1.32 AMPHAN 
2020 5 18 13.0 86.4 130 919  XX 1.69 AMPHAN 
2020 5 18 13.6 86.4 140 911  XX 1.96 AMPHAN 
2020 5 18 14.0 86.3 145 901  XX 2.1 AMPHAN 
2020 5 18 14.8 86.5 130 921  XX 1.69 AMPHAN 
2020 5 19 15.6 86.8 120 931  XX 1.44 AMPHAN 
2020 5 19 16.5 86.8 110 941  XX 1.21 AMPHAN 
2020 5 19 17.4 87.0 100 951  XX 1.0 AMPHAN 
2020 5 19 18.3 86.9 100 950  XX 1.0 AMPHAN 
2020 5 20 19.2 87.4 95 951  XX 0.9 AMPHAN 
2020 5 20 20.5 87.9 85 961  XX 0.72 AMPHAN 
2020 5 20 22.2 88.3 75 968  XX 0.56 AMPHAN 
2020 5 20 23.4 89.1 55 984  XX 0.3 AMPHAN 
2020 5 21 24.5 89.5 40 990  XX 0.16 AMPHAN 
2020 6 2 17.0 71.7 40 998  XX 0.16 NISARGA 
2020 6 3 17.2 72.1 55 986  XX 0.3 NISARGA 
2020 6 3 17.9 72.9 75 975  XX 0.56 NISARGA 
2020 6 3 19.1 73.7 65 982  XX 0.42 NISARGA 
