2019 1 RITA 11 24 11 26 -10.2 168.2 65 983 3.0 0.5 0 3.16 SH 01 
2020 2 SARAI 12 26 1 2 -13.2 176.2 70 999 6.0 1.75 0 7.03 SH 04 
2020 3 TINO 1 16 1 19 -13.7 177.8 70 964 2.75 1.25 0 3.95 SH 08 
2020 4 TWELVE 1 25 1 26 -20.4 -167.8 35 1000 1.0 0 0 0.49 SH 12 
2020 5 UESI 2 9 2 15 -15.1 163.6 75 971 6.25 2.0 0 8.27 SH 15 
2020 6 VICKY 2 21 2 22 -14.8 -170.8 45 996 1.25 0 0 0.77 SH 17 
2020 7 WASI 2 22 2 23 -13.4 -173.3 55 995 1.5 0 0 1.23 SH 18 
2020 8 ESTHER 2 23 2 28 -15.1 139.0 50 992 4.25 0 0 2.37 SH 19 
2020 9 GRETEL 3 14 3 16 -18.9 160.0 55 971 2.0 0 0 2.07 SH 23 
2020 10 HAROLD 4 2 4 10 -9.9 159.5 145 912 7.5 6.25 5.0 31.98 SH 25 
