YEAR MONTH DAY LATITUDE LONGITUDE MAX_WIND MSLP CATEGORY ACE STORM_NAME
2019 11 24 -10.2 168.2 35 997  XX 0.12 RITA 
2019 11 24 -10.2 169.0 40 992  XX 0.16 RITA 
2019 11 24 -10.6 169.1 50 991  XX 0.25 RITA 
2019 11 24 -11.2 169.3 55 988  XX 0.3 RITA 
2019 11 25 -11.8 169.7 65 983  XX 0.42 RITA 
2019 11 25 -12.3 170.3 65 984  XX 0.42 RITA 
2019 11 25 -12.7 170.7 60 986  XX 0.36 RITA 
2019 11 25 -13.0 170.3 60 988  XX 0.36 RITA 
2019 11 26 -14.5 169.8 60 989  XX 0.36 RITA 
2019 11 26 -14.1 169.6 40 998  XX 0.16 RITA 
2019 11 26 -14.4 169.6 35 1000  XX 0.12 RITA 
2019 11 26 -14.8 168.9 35 1001  XX 0.12 RITA 
2019 12 5 -6.2 51.2 35 1002  XX 0.12 BELNA 
2019 12 5 -6.5 51.2 40 998  XX 0.16 BELNA 
2019 12 5 -6.8 50.7 45 997  XX 0.2 BELNA 
2019 12 5 -7.1 49.9 55 994  XX 0.3 BELNA 
2019 12 6 -7.8 49.3 65 987  XX 0.42 BELNA 
2019 12 6 -7.9 48.7 65 989  XX 0.42 BELNA 
2019 12 6 -8.6 48.5 65 986  XX 0.42 BELNA 
2019 12 6 -9.2 48.4 65 988  XX 0.42 BELNA 
2019 12 7 -9.0 48.0 75 981  XX 0.56 BELNA 
2019 12 7 -9.6 47.4 85 974  XX 0.72 BELNA 
2019 12 7 -10.3 47.4 100 959  XX 1.0 BELNA 
2019 12 7 -10.9 47.2 100 960  XX 1.0 BELNA 
2019 12 8 -11.8 46.6 90 969  XX 0.81 BELNA 
2019 12 8 -12.0 46.6 90 970  XX 0.81 BELNA 
2019 12 8 -12.4 46.5 85 971  XX 0.72 BELNA 
2019 12 8 -12.9 46.3 90 967  XX 0.81 BELNA 
2019 12 9 -13.6 46.0 80 974  XX 0.64 BELNA 
2019 12 9 -14.6 45.6 80 979  XX 0.64 BELNA 
2019 12 9 -15.7 45.3 80 978  XX 0.64 BELNA 
2019 12 9 -16.5 44.8 75 983  XX 0.56 BELNA 
2019 12 10 -17.4 44.7 65 988  XX 0.42 BELNA 
2019 12 10 -18.3 44.8 60 991  XX 0.36 BELNA 
2019 12 10 -19.3 44.8 55 993  XX 0.3 BELNA 
2019 12 10 -19.8 45.1 45 1001  XX 0.2 BELNA 
2019 12 11 -20.5 45.5 35 1006  XX 0.12 BELNA 
2019 12 5 -7.8 63.6 35 1006  XX 0.12 AMBALI 
2019 12 5 -8.6 63.2 50 997  XX 0.25 AMBALI 
2019 12 5 -9.2 62.7 70 986  XX 0.49 AMBALI 
2019 12 5 -9.9 62.4 100 964  XX 1.0 AMBALI 
2019 12 6 -10.5 62.2 135 929  XX 1.82 AMBALI 
2019 12 6 -11.0 62.2 120 944  XX 1.44 AMBALI 
2019 12 6 -11.6 62.2 90 971  XX 0.81 AMBALI 
2019 12 6 -11.5 62.5 85 975  XX 0.72 AMBALI 
2019 12 7 -12.0 62.5 75 983  XX 0.56 AMBALI 
2019 12 7 -12.4 63.1 60 992  XX 0.36 AMBALI 
2019 12 7 -13.2 63.0 50 995  XX 0.25 AMBALI 
2019 12 7 -13.9 63.3 50 998  XX 0.25 AMBALI 
2019 12 8 -14.9 62.2 35 1006  XX 0.12 AMBALI 
2019 12 26 -13.2 176.2 35 999  XX 0.12 SARAI 
2019 12 26 -14.3 175.8 45 999  XX 0.2 SARAI 
2019 12 26 -15.6 175.5 45 999  XX 0.2 SARAI 
2019 12 27 -16.5 175.4 50 999  XX 0.25 SARAI 
2019 12 27 -17.9 175.5 55 999  XX 0.3 SARAI 
2019 12 27 -18.6 176.1 55 999  XX 0.3 SARAI 
2019 12 27 -19.1 176.8 60 999  XX 0.36 SARAI 
2019 12 28 -19.5 177.5 65 999  XX 0.42 SARAI 
2019 12 28 -20.1 177.7 65 999  XX 0.42 SARAI 
2019 12 28 -19.7 178.3 70 999  XX 0.49 SARAI 
2019 12 28 -19.8 178.3 70 999  XX 0.49 SARAI 
2019 12 29 -19.8 178.9 70 999  XX 0.49 SARAI 
2019 12 29 -20.4 -179.8 65 999  XX 0.42 SARAI 
2019 12 29 -20.3 -179.6 65 999  XX 0.42 SARAI 
2019 12 29 -20.4 -178.8 60 999  XX 0.36 SARAI 
2019 12 30 -20.6 -178.6 55 999  XX 0.3 SARAI 
2019 12 30 -21.0 -177.4 50 999  XX 0.25 SARAI 
2019 12 30 -21.1 -176.7 45 999  XX 0.2 SARAI 
2019 12 30 -21.0 -175.9 45 999  XX 0.2 SARAI 
2019 12 31 -20.6 -175.3 45 999  XX 0.2 SARAI 
2020 1 1 -22.1 -161.8 40 999  XX 0.16 SARAI 
2020 1 2 -22.9 -159.3 40 999  XX 0.16 SARAI 
2020 1 2 -24.8 -156.5 40 999  XX 0.16 SARAI 
2020 1 2 -27.1 -153.8 35 999  XX 0.12 SARAI 
2019 12 29 -19.4 59.8 35 976  XX 0.12 CALVINIA 
2019 12 29 -20.1 59.2 35 976  XX 0.12 CALVINIA 
2019 12 30 -20.6 58.8 35 976  XX 0.12 CALVINIA 
2019 12 30 -20.5 58.4 40 976  XX 0.16 CALVINIA 
2019 12 30 -20.7 58.2 50 976  XX 0.25 CALVINIA 
2019 12 30 -20.8 58.2 50 976  XX 0.25 CALVINIA 
2019 12 31 -21.1 58.0 60 976  XX 0.36 CALVINIA 
2019 12 31 -21.6 58.4 70 976  XX 0.49 CALVINIA 
2019 12 31 -22.5 58.4 70 976  XX 0.49 CALVINIA 
2019 12 31 -23.8 59.3 70 976  XX 0.49 CALVINIA 
2020 1 1 -25.2 60.1 70 973  XX 0.49 CALVINIA 
2020 1 1 -26.8 60.5 60 976  XX 0.36 CALVINIA 
2020 1 1 -29.1 61.1 55 980  XX 0.3 CALVINIA 
2020 1 1 -30.5 61.8 55 980  XX 0.3 CALVINIA 
2020 1 2 -32.2 62.2 55 980  XX 0.3 CALVINIA 
2020 1 2 -34.3 63.9 50 980  XX 0.25 CALVINIA 
2020 1 2 -36.0 64.7 45 980  XX 0.2 CALVINIA 
2020 1 2 -36.9 68.0 45 980  XX 0.2 CALVINIA 
2020 1 3 -38.7 70.7 35 980  XX 0.12 CALVINIA 
2020 1 3 -40.3 73.8 35 980  XX 0.12 CALVINIA 
2020 1 3 -40.8 77.3 35 980  XX 0.12 CALVINIA 
2020 1 5 -16.0 121.3 35 996  XX 0.12 BLAKE 
2020 1 6 -15.9 121.9 35 998  XX 0.12 BLAKE 
2020 1 6 -16.5 122.2 50 991  XX 0.25 BLAKE 
2020 1 6 -17.4 122.0 50 991  XX 0.25 BLAKE 
2020 1 6 -17.9 121.8 50 989  XX 0.25 BLAKE 
2020 1 7 -18.5 121.6 40 996  XX 0.16 BLAKE 
2020 1 7 -18.7 121.2 35 994  XX 0.12 BLAKE 
2020 1 7 -19.5 121.0 35 995  XX 0.12 BLAKE 
2020 1 7 -19.8 120.6 35 991  XX 0.12 BLAKE 
2020 1 8 -20.7 119.7 35 994  XX 0.12 BLAKE 
2020 1 8 -21.0 119.6 35 994  XX 0.12 BLAKE 
2020 1 11 -13.2 126.2 35 1000  XX 0.12 CLAUDIA 
2020 1 11 -13.5 125.0 45 994  XX 0.2 CLAUDIA 
2020 1 12 -14.0 123.3 50 994  XX 0.25 CLAUDIA 
2020 1 12 -14.4 122.4 50 990  XX 0.25 CLAUDIA 
2020 1 12 -15.0 120.7 60 986  XX 0.36 CLAUDIA 
2020 1 12 -15.7 118.7 70 978  XX 0.49 CLAUDIA 
2020 1 13 -16.2 117.2 75 977  XX 0.56 CLAUDIA 
2020 1 13 -16.9 115.5 80 972  XX 0.64 CLAUDIA 
2020 1 13 -17.6 113.7 80 975  XX 0.64 CLAUDIA 
2020 1 13 -17.5 112.3 85 971  XX 0.72 CLAUDIA 
2020 1 14 -17.7 110.7 80 974  XX 0.64 CLAUDIA 
2020 1 14 -18.1 109.7 75 977  XX 0.56 CLAUDIA 
2020 1 14 -18.5 109.1 70 980  XX 0.49 CLAUDIA 
2020 1 14 -18.8 108.3 45 995  XX 0.2 CLAUDIA 
2020 1 15 -19.5 107.4 45 996  XX 0.2 CLAUDIA 
2020 1 15 -20.2 106.4 45 997  XX 0.2 CLAUDIA 
2020 1 15 -20.8 105.7 40 999  XX 0.16 CLAUDIA 
2020 1 15 -21.4 104.8 35 1001  XX 0.12 CLAUDIA 
2020 1 16 -21.7 103.8 35 1002  XX 0.12 CLAUDIA 
2020 1 16 -13.7 177.8 40 983  XX 0.16 TINO 
2020 1 17 -14.9 178.8 45 982  XX 0.2 TINO 
2020 1 17 -15.3 179.4 55 974  XX 0.3 TINO 
2020 1 17 -15.9 -179.1 65 970  XX 0.42 TINO 
2020 1 17 -17.9 -177.4 70 966  XX 0.49 TINO 
2020 1 18 -19.1 -176.3 70 967  XX 0.49 TINO 
2020 1 18 -20.1 -175.0 70 968  XX 0.49 TINO 
2020 1 18 -21.4 -173.1 65 971  XX 0.42 TINO 
2020 1 18 -23.0 -171.5 60 968  XX 0.36 TINO 
2020 1 19 -25.1 -169.6 55 968  XX 0.3 TINO 
2020 1 19 -27.7 -167.3 55 964  XX 0.3 TINO 
2020 1 22 -20.2 69.9 35 1000  XX 0.12 NINE 
2020 1 22 -21.1 70.3 35 1005  XX 0.12 NINE 
2020 1 23 -22.3 71.0 35 1003  XX 0.12 NINE 
2020 1 25 -20.0 58.7 40 1002  XX 0.16 DIANE 
2020 1 25 -20.6 60.3 45 1000  XX 0.2 DIANE 
2020 1 25 -21.3 62.1 45 998  XX 0.2 DIANE 
2020 1 25 -22.0 64.0 45 996  XX 0.2 DIANE 
2020 1 26 -22.8 66.1 50 994  XX 0.25 DIANE 
2020 1 26 -25.0 68.3 45 992  XX 0.2 DIANE 
2020 1 26 -26.2 69.4 40 990  XX 0.16 DIANE 
2020 1 26 -23.9 70.1 40 987  XX 0.16 DIANE 
2020 1 27 -24.3 71.1 45 985  XX 0.2 DIANE 
2020 1 25 -23.7 71.8 45 997  XX 0.2 ESAMI 
2020 1 25 -24.2 72.7 45 999  XX 0.2 ESAMI 
2020 1 25 -24.5 73.7 40 999  XX 0.16 ESAMI 
2020 1 25 -25.6 74.6 40 998  XX 0.16 ESAMI 
2020 1 26 -26.5 75.2 40 997  XX 0.16 ESAMI 
2020 1 26 -27.9 77.3 40 996  XX 0.16 ESAMI 
2020 1 26 -28.6 77.1 35 991  XX 0.12 ESAMI 
2020 1 25 -20.4 -167.8 35 1003  XX 0.12 TWELVE 
2020 1 25 -21.7 -167.1 35 1000  XX 0.12 TWELVE 
2020 1 26 -21.8 -166.8 35 1000  XX 0.12 TWELVE 
2020 1 26 -22.0 -166.7 35 1000  XX 0.12 TWELVE 
2020 2 4 -15.7 66.3 35 1002  XX 0.12 FRANCISCO 
2020 2 5 -16.3 67.1 35 1000  XX 0.12 FRANCISCO 
2020 2 5 -17.0 68.2 40 996  XX 0.16 FRANCISCO 
2020 2 5 -17.6 69.2 45 994  XX 0.2 FRANCISCO 
2020 2 5 -17.6 70.3 40 996  XX 0.16 FRANCISCO 
2020 2 6 -18.2 70.8 40 995  XX 0.16 FRANCISCO 
2020 2 6 -19.1 71.7 35 1000  XX 0.12 FRANCISCO 
2020 2 14 -18.6 49.8 40 1003  XX 0.16 FRANCISCO 
2020 2 14 -18.9 49.5 40 1003  XX 0.16 FRANCISCO 
2020 2 14 -19.1 49.3 35 1005  XX 0.12 FRANCISCO 
2020 2 14 -19.3 49.0 35 1005  XX 0.12 FRANCISCO 
2020 2 6 -17.1 120.9 35 998  XX 0.12 DAMIEN 
2020 2 6 -17.1 119.5 40 995  XX 0.16 DAMIEN 
2020 2 6 -17.5 118.6 50 992  XX 0.25 DAMIEN 
2020 2 6 -17.7 117.4 55 990  XX 0.3 DAMIEN 
2020 2 7 -17.9 117.4 60 986  XX 0.36 DAMIEN 
2020 2 7 -18.1 117.0 65 981  XX 0.42 DAMIEN 
2020 2 7 -18.6 116.8 75 976  XX 0.56 DAMIEN 
2020 2 7 -19.1 116.6 85 969  XX 0.72 DAMIEN 
2020 2 8 -19.8 116.4 90 966  XX 0.81 DAMIEN 
2020 2 8 -20.4 116.6 95 961  XX 0.9 DAMIEN 
2020 2 8 -21.3 116.9 85 969  XX 0.72 DAMIEN 
2020 2 8 -22.1 117.3 65 983  XX 0.42 DAMIEN 
2020 2 9 -23.0 117.9 50 993  XX 0.25 DAMIEN 
2020 2 9 -23.4 117.6 40 992  XX 0.16 DAMIEN 
2020 2 9 -15.1 163.6 35 996  XX 0.12 UESI 
2020 2 9 -15.4 163.3 35 995  XX 0.12 UESI 
2020 2 9 -15.8 163.7 40 994  XX 0.16 UESI 
2020 2 9 -16.4 163.6 55 986  XX 0.3 UESI 
2020 2 10 -17.0 163.0 55 986  XX 0.3 UESI 
2020 2 10 -17.4 162.5 60 982  XX 0.36 UESI 
2020 2 10 -17.6 162.5 65 979  XX 0.42 UESI 
2020 2 10 -18.1 162.5 65 978  XX 0.42 UESI 
2020 2 11 -18.8 162.6 75 974  XX 0.56 UESI 
2020 2 11 -19.6 162.6 75 971  XX 0.56 UESI 
2020 2 11 -20.5 162.7 70 975  XX 0.49 UESI 
2020 2 11 -21.6 162.7 75 972  XX 0.56 UESI 
2020 2 12 -22.6 162.5 70 976  XX 0.49 UESI 
2020 2 12 -23.4 162.2 70 973  XX 0.49 UESI 
2020 2 12 -24.4 161.9 60 975  XX 0.36 UESI 
2020 2 12 -25.9 161.7 55 977  XX 0.3 UESI 
2020 2 13 -27.7 161.1 55 980  XX 0.3 UESI 
2020 2 13 -28.8 160.4 55 979  XX 0.3 UESI 
2020 2 13 -30.3 160.3 55 977  XX 0.3 UESI 
2020 2 13 -31.6 159.6 50 979  XX 0.25 UESI 
2020 2 14 -32.8 158.5 45 983  XX 0.2 UESI 
2020 2 14 -33.8 158.6 50 979  XX 0.25 UESI 
2020 2 14 -34.8 158.9 50 980  XX 0.25 UESI 
2020 2 14 -35.8 159.2 50 978  XX 0.25 UESI 
2020 2 15 -37.3 159.2 35 990  XX 0.12 UESI 
2020 2 15 -16.4 74.5 35 1000  XX 0.12 GABEKILE 
2020 2 15 -17.1 74.1 45 995  XX 0.2 GABEKILE 
2020 2 15 -17.5 74.3 55 985  XX 0.3 GABEKILE 
2020 2 16 -18.4 74.6 75 981  XX 0.56 GABEKILE 
2020 2 16 -19.2 74.7 75 980  XX 0.56 GABEKILE 
2020 2 16 -20.2 75.0 75 978  XX 0.56 GABEKILE 
2020 2 16 -21.0 75.3 75 978  XX 0.56 GABEKILE 
2020 2 17 -20.3 75.3 70 980  XX 0.49 GABEKILE 
2020 2 17 -20.2 75.3 60 986  XX 0.36 GABEKILE 
2020 2 17 -20.3 75.4 45 993  XX 0.2 GABEKILE 
2020 2 17 -20.4 75.6 35 1000  XX 0.12 GABEKILE 
2020 2 18 -20.5 75.8 35 1001  XX 0.12 GABEKILE 
2020 2 18 -20.6 75.8 35 1002  XX 0.12 GABEKILE 
2020 2 21 -14.8 -170.8 45 996  XX 0.2 VICKY 
2020 2 21 -15.7 -170.7 40 1002  XX 0.16 VICKY 
2020 2 21 -16.4 -170.3 40 1002  XX 0.16 VICKY 
2020 2 21 -17.3 -169.7 35 1000  XX 0.12 VICKY 
2020 2 22 -19.5 -168.7 35 1004  XX 0.12 VICKY 
2020 2 22 -13.4 -173.3 45 1001  XX 0.2 WASI 
2020 2 22 -14.0 -172.7 55 995  XX 0.3 WASI 
2020 2 22 -14.5 -172.2 45 1000  XX 0.2 WASI 
2020 2 22 -15.1 -172.0 45 999  XX 0.2 WASI 
2020 2 23 -16.2 -171.4 40 1001  XX 0.16 WASI 
2020 2 23 -17.0 -171.0 40 1001  XX 0.16 WASI 
2020 2 23 -15.1 139.0 35 996  XX 0.12 ESTHER 
2020 2 23 -16.1 139.1 40 995  XX 0.16 ESTHER 
2020 2 24 -16.6 138.3 45 996  XX 0.2 ESTHER 
2020 2 24 -16.7 137.4 50 992  XX 0.25 ESTHER 
2020 2 24 -16.8 136.5 40 997  XX 0.16 ESTHER 
2020 2 26 -16.5 133.5 35 997  XX 0.12 ESTHER 
2020 2 26 -16.4 132.3 35 997  XX 0.12 ESTHER 
2020 2 26 -15.4 132.0 35 996  XX 0.12 ESTHER 
2020 2 26 -15.6 131.4 35 996  XX 0.12 ESTHER 
2020 2 27 -15.5 130.8 35 996  XX 0.12 ESTHER 
2020 2 27 -15.3 129.9 35 999  XX 0.12 ESTHER 
2020 2 27 -15.3 129.7 35 999  XX 0.12 ESTHER 
2020 2 27 -15.2 128.9 35 996  XX 0.12 ESTHER 
2020 2 28 -15.3 128.3 35 996  XX 0.12 ESTHER 
2020 2 28 -15.5 127.0 35 999  XX 0.12 ESTHER 
2020 2 28 -15.6 126.0 35 999  XX 0.12 ESTHER 
2020 2 28 -15.7 125.1 35 998  XX 0.12 ESTHER 
2020 2 23 -13.4 118.7 35 1002  XX 0.12 FERDINAND 
2020 2 24 -14.0 118.1 40 1002  XX 0.16 FERDINAND 
2020 2 24 -14.4 117.9 45 999  XX 0.2 FERDINAND 
2020 2 24 -14.9 117.5 55 992  XX 0.3 FERDINAND 
2020 2 24 -15.1 117.2 60 990  XX 0.36 FERDINAND 
2020 2 25 -15.3 117.1 65 986  XX 0.42 FERDINAND 
2020 2 25 -15.5 116.8 85 970  XX 0.72 FERDINAND 
2020 2 25 -15.8 116.5 90 967  XX 0.81 FERDINAND 
2020 2 25 -15.9 116.0 95 962  XX 0.9 FERDINAND 
2020 2 26 -15.8 115.5 95 963  XX 0.9 FERDINAND 
2020 2 26 -16.1 115.2 95 962  XX 0.9 FERDINAND 
2020 2 26 -16.3 114.8 95 962  XX 0.9 FERDINAND 
2020 2 26 -16.5 114.6 90 966  XX 0.81 FERDINAND 
2020 2 27 -16.5 114.4 80 974  XX 0.64 FERDINAND 
2020 2 27 -16.6 114.2 65 984  XX 0.42 FERDINAND 
2020 2 27 -16.9 114.0 55 991  XX 0.3 FERDINAND 
2020 2 27 -16.8 113.6 55 990  XX 0.3 FERDINAND 
2020 2 28 -16.4 113.3 50 994  XX 0.25 FERDINAND 
2020 2 28 -16.5 112.9 45 996  XX 0.2 FERDINAND 
2020 2 28 -16.4 112.4 45 996  XX 0.2 FERDINAND 
2020 2 28 -15.9 112.2 45 996  XX 0.2 FERDINAND 
2020 2 29 -15.4 111.4 45 996  XX 0.2 FERDINAND 
2020 2 29 -15.6 111.3 35 998  XX 0.12 FERDINAND 
2020 3 11 -16.3 116.9 35 1003  XX 0.12 TWENTY-ON 
2020 3 11 -17.6 116.6 35 1005  XX 0.12 TWENTY-ON 
2020 3 11 -18.4 115.9 35 1005  XX 0.12 TWENTY-ON 
2020 3 13 -14.3 52.4 35 1004  XX 0.12 HEROLD 
2020 3 13 -14.7 52.2 35 1000  XX 0.12 HEROLD 
2020 3 13 -14.7 52.0 45 999  XX 0.2 HEROLD 
2020 3 14 -15.1 51.1 55 992  XX 0.3 HEROLD 
2020 3 14 -15.1 50.9 60 992  XX 0.36 HEROLD 
2020 3 14 -14.9 50.9 60 988  XX 0.36 HEROLD 
2020 3 14 -15.0 51.1 65 984  XX 0.42 HEROLD 
2020 3 15 -15.1 51.4 70 980  XX 0.49 HEROLD 
2020 3 15 -15.0 51.8 70 983  XX 0.49 HEROLD 
2020 3 15 -15.2 52.1 70 979  XX 0.49 HEROLD 
2020 3 15 -15.3 52.7 80 976  XX 0.64 HEROLD 
2020 3 16 -15.5 53.3 75 977  XX 0.56 HEROLD 
2020 3 16 -15.7 54.2 80 976  XX 0.64 HEROLD 
2020 3 16 -16.0 55.2 80 974  XX 0.64 HEROLD 
2020 3 16 -16.8 56.8 85 971  XX 0.72 HEROLD 
2020 3 17 -17.9 58.4 80 974  XX 0.64 HEROLD 
2020 3 17 -19.1 60.4 100 963  XX 1.0 HEROLD 
2020 3 17 -19.8 62.1 90 970  XX 0.81 HEROLD 
2020 3 17 -21.0 63.5 70 983  XX 0.49 HEROLD 
2020 3 18 -21.7 65.0 65 986  XX 0.42 HEROLD 
2020 3 18 -22.7 66.1 55 992  XX 0.3 HEROLD 
2020 3 18 -23.5 67.4 55 991  XX 0.3 HEROLD 
2020 3 18 -24.3 68.9 45 997  XX 0.2 HEROLD 
2020 3 19 -25.0 69.9 40 999  XX 0.16 HEROLD 
2020 3 19 -25.4 71.1 35 1003  XX 0.12 HEROLD 
2020 3 19 -26.0 72.0 35 1002  XX 0.12 HEROLD 
2020 3 14 -18.9 160.0 40 989  XX 0.16 GRETEL 
2020 3 15 -20.2 161.7 50 985  XX 0.25 GRETEL 
2020 3 15 -21.7 163.3 55 980  XX 0.3 GRETEL 
2020 3 15 -22.9 165.7 55 981  XX 0.3 GRETEL 
2020 3 15 -25.1 168.3 50 980  XX 0.25 GRETEL 
2020 3 16 -26.6 169.7 50 978  XX 0.25 GRETEL 
2020 3 16 -28.7 172.7 50 977  XX 0.25 GRETEL 
2020 3 16 -30.1 175.5 55 971  XX 0.3 GRETEL 
2020 4 2 -13.1 69.5 35 997  XX 0.12 IRONDRO 
2020 4 2 -13.3 69.8 40 995  XX 0.16 IRONDRO 
2020 4 2 -14.9 71.6 45 993  XX 0.2 IRONDRO 
2020 4 3 -16.4 72.9 50 991  XX 0.25 IRONDRO 
2020 4 3 -17.5 73.3 55 987  XX 0.3 IRONDRO 
2020 4 3 -18.6 74.2 60 984  XX 0.36 IRONDRO 
2020 4 3 -19.5 75.8 75 975  XX 0.56 IRONDRO 
2020 4 4 -20.8 76.8 90 962  XX 0.81 IRONDRO 
2020 4 4 -21.5 78.3 95 959  XX 0.9 IRONDRO 
2020 4 4 -22.4 79.4 95 958  XX 0.9 IRONDRO 
2020 4 4 -23.0 80.9 95 958  XX 0.9 IRONDRO 
2020 4 5 -23.7 82.5 90 961  XX 0.81 IRONDRO 
2020 4 5 -24.2 84.3 80 970  XX 0.64 IRONDRO 
2020 4 5 -24.5 86.3 65 982  XX 0.42 IRONDRO 
2020 4 5 -24.8 88.6 55 988  XX 0.3 IRONDRO 
2020 4 6 -26.4 88.5 45 992  XX 0.2 IRONDRO 
2020 4 6 -26.7 89.5 40 993  XX 0.16 IRONDRO 
2020 4 6 -26.7 92.1 35 999  XX 0.12 IRONDRO 
2020 4 2 -9.9 159.5 35 1000  XX 0.12 HAROLD 
2020 4 3 -10.4 161.6 40 1000  XX 0.16 HAROLD 
2020 4 3 -11.4 162.6 40 999  XX 0.16 HAROLD 
2020 4 3 -12.7 163.0 55 990  XX 0.3 HAROLD 
2020 4 3 -13.5 163.8 60 985  XX 0.36 HAROLD 
2020 4 4 -13.9 164.0 90 966  XX 0.81 HAROLD 
2020 4 4 -14.3 164.8 110 946  XX 1.21 HAROLD 
2020 4 4 -14.6 165.1 115 941  XX 1.32 HAROLD 
2020 4 4 -14.9 165.5 115 940  XX 1.32 HAROLD 
2020 4 5 -15.4 165.9 105 950  XX 1.1 HAROLD 
2020 4 5 -15.7 165.5 100 954  XX 1.0 HAROLD 
2020 4 5 -15.6 165.6 120 936  XX 1.44 HAROLD 
2020 4 5 -15.3 166.1 125 930  XX 1.56 HAROLD 
2020 4 6 -15.5 166.7 115 940  XX 1.32 HAROLD 
2020 4 6 -15.8 167.8 135 920  XX 1.82 HAROLD 
2020 4 6 -16.0 168.8 145 912  XX 2.1 HAROLD 
2020 4 6 -16.5 169.7 135 920  XX 1.82 HAROLD 
2020 4 7 -16.7 171.2 115 942  XX 1.32 HAROLD 
2020 4 7 -17.1 172.6 110 946  XX 1.21 HAROLD 
2020 4 7 -17.4 174.0 110 948  XX 1.21 HAROLD 
2020 4 7 -18.3 175.8 110 948  XX 1.21 HAROLD 
2020 4 8 -18.9 177.7 120 940  XX 1.44 HAROLD 
2020 4 8 -19.7 179.7 120 939  XX 1.44 HAROLD 
2020 4 8 -20.6 -178.1 115 945  XX 1.32 HAROLD 
2020 4 8 -21.9 -175.6 110 947  XX 1.21 HAROLD 
2020 4 9 -23.1 -173.5 110 948  XX 1.21 HAROLD 
2020 4 9 -24.6 -170.7 95 958  XX 0.9 HAROLD 
2020 4 9 -25.9 -167.7 80 968  XX 0.64 HAROLD 
2020 4 9 -27.7 -164.5 70 970  XX 0.49 HAROLD 
2020 4 10 -29.1 -161.7 65 974  XX 0.42 HAROLD 
2020 4 14 -14.8 86.2 40 999  XX 0.16 JERUTO 
2020 4 15 -15.4 85.3 40 1002  XX 0.16 JERUTO 
2020 4 15 -15.8 84.3 40 1002  XX 0.16 JERUTO 
2020 4 15 -16.0 83.8 40 1001  XX 0.16 JERUTO 
2020 4 15 -16.2 83.1 35 1004  XX 0.12 JERUTO 
2020 5 21 -7.7 91.1 40 998  XX 0.16 MANGGA 
2020 5 21 -9.1 92.2 35 998  XX 0.12 MANGGA 
2020 5 21 -9.3 92.5 35 998  XX 0.12 MANGGA 
2020 5 21 -9.8 93.1 35 998  XX 0.12 MANGGA 
2020 5 22 -10.6 93.8 35 997  XX 0.12 MANGGA 
2020 5 22 -11.1 94.2 35 999  XX 0.12 MANGGA 
2020 5 22 -12.5 95.2 35 1000  XX 0.12 MANGGA 
2020 5 22 -14.2 95.9 35 998  XX 0.12 MANGGA 
2020 5 23 -15.6 96.6 35 996  XX 0.12 MANGGA 
2020 5 23 -17.7 98.9 35 998  XX 0.12 MANGGA 
2020 5 23 -19.2 100.8 35 998  XX 0.12 MANGGA 
2020 5 23 -21.6 104.7 35 996  XX 0.12 MANGGA 
