0
0
0
0
0
0
0
0
0
0
0
0
0
0
0
0
0
0
0
0
0
0
0
0
0
0
0
0
0
0
0
0
0
0
0
0
0
0
0
0
0
0
0
0
0
0
0
0
0
0
0
0
0
0
0
0
0
0
0
0
0
0
0
0
0
0
0
0
0
0
0
0
0
0
0
0
0
0
0
0
0
0
0
0
0
0
0
0
0
0
0
0
0
0
0
0
0
0
0
0
0
0
0
0
0
0
0
0
0
0
0
0
0
0
0
0
0
0
0
0
0
0
0
0
0
0
0
0
0
0
0
0
0
0
0
0
0
0
0
0
0
0
0
0
0
0
0
0
0
0
0
0
0
0
0
0
0
0
2.6
9.1
13.8
17.1
19.6
20.8
21.0
21.0
21.0
21.0
21.0
21.0
21.0
21.0
21.0
21.0
21.0
21.0
21.0
21.0
21.0
21.0
21.0
21.0
21.2
22.0
23.8
25.3
26.2
26.6
26.6
26.7
27.6
28.1
28.3
28.3
28.3
28.9
30.6
33.2
34.6
35.2
35.2
35.2
35.2
35.2
35.2
35.2
35.6
35.6
36.0
37.5
38.5
38.5
38.5
38.5
38.5
38.5
38.5
38.5
38.5
38.7
39.5
40.7
43.2
45.5
45.7
45.7
45.7
45.7
45.8
46.2
47.4
49.6
50.4
50.5
50.5
50.5
50.5
50.5
50.8
52.1
55.5
59.2
61.0
62.2
62.3
62.3
62.3
62.3
62.3
62.3
62.3
62.3
62.3
62.3
62.3
62.3
62.6
62.6
63.4
65.0
67.2
69.8
72.5
73.5
73.7
73.7
73.7
73.7
73.7
73.7
73.7
73.7
73.7
73.7
73.7
73.7
73.7
73.7
74.5
76.5
80.0
81.6
81.9
81.9
81.9
81.9
81.9
81.9
81.9
81.9
82.2
82.6
82.6
82.6
82.6
82.6
82.6
82.6
82.6
82.6
82.6
82.6
82.6
82.6
82.6
82.6
82.6
82.6
82.6
82.6
82.6
82.6
82.6
82.6
82.6
82.6
82.6
82.6
82.6
82.6
82.6
82.6
82.6
82.6
82.6
82.6
82.8
83.3
83.7
84.1
84.1
84.1
84.1
84.1
84.1
84.1
84.1
84.1
