0.0
0.0
0.0
0.0
0.0
0.0
0.0
0.0
0.0
0.0
0.0
0.0
0.0
0.0
0.0
0.0
0.0
0.0
0.0
0.0
0.0
0.0
0.0
0.0
0.0
0.0
0.0
0.0
0.0
0.0
0.0
0.0
0.0
0.0
0.0
0.0
0.0
0.0
0.0
0.0
0.0
0.0
0.0
0.0
0.0
0.0
0.0
0.0
0.0
0.0
0.0
0.0
0.0
0.0
0.0
0.0
0.0
0.0
0.0
0.0
0.0
0.0
0.0
0.0
0.0
0.0
0.0
0.0
0.0
0.0
0.0
0.0
0.0
0.0
0.0
0.0
0.0
0.0
0.0
0.0
0.0
0.0
0.0
0.0
0.0
0.0
0.0
0.0
0.0
0.0
0.0
0.0
0.0
0.0
0.0
0.0
0.0
0.0
0.0
0.0
0.0
0.0
0.0
0.0
0.0
0.0
0.0
0.0
0.0
0.0
0.0
0.0
0.0
0.0
0.0
0.0
0.0
0.0
0.0
0.0
0.0
0.0
0.0
0.0
0.0
0.0
0.0
0.0
0.0
0.0
0.0
0.0
0.0
0.0
0.0
0.0
0.0
0.0
0.0
0.0
0.0
0.0
0.0
0.0
0.0
0.0
0.0
0.8
2.4
3.2
3.2
3.2
3.2
3.2
3.2
3.2
3.2
3.2
5.8
12.3
17.0
20.2
22.7
24.0
24.1
24.1
24.1
24.1
24.1
24.1
24.1
24.1
24.1
24.1
24.1
24.1
24.1
24.1
24.1
24.6
25.8
27.7
29.6
31.3
33.4
35.0
36.4
36.7
36.7
36.8
37.7
38.2
38.4
38.4
38.4
39.0
40.7
43.3
44.7
45.3
45.7
47.4
49.0
49.3
49.3
49.3
49.7
49.7
50.1
51.9
53.0
53.0
53.0
53.0
53.0
53.0
53.0
53.0
53.0
53.2
54.0
55.2
57.7
60.2
61.2
63.0
65.1
66.6
67.7
69.0
70.2
72.4
73.2
73.3
73.3
73.5
74.2
75.1
76.0
77.7
81.1
84.8
86.6
87.8
87.9
87.9
87.9
87.9
87.9
87.9
87.9
87.9
87.9
87.9
87.9
87.9
88.2
88.2
89.0
91.1
94.4
97.5
100.2
101.2
101.4
101.4
101.4
101.4
101.4
101.4
101.4
101.4
101.4
101.4
101.4
101.4
101.4
101.4
102.5
106.1
114.6
121.5
128.9
133.9
139.1
141.6
141.6
141.6
141.6
141.6
141.9
142.3
142.3
142.3
142.3
142.3
142.3
142.3
142.3
142.3
142.3
142.3
142.3
142.3
142.3
142.3
142.3
142.3
142.3
142.3
142.3
142.3
142.3
142.3
142.3
142.3
142.3
142.3
142.3
142.3
142.3
142.3
142.3
142.3
142.3
142.3
142.5
143.0
143.4
143.8
143.8
143.8
143.8
143.8
143.8
143.8
143.8
143.8
