2019 1 BELNA 12 5 12 11 -6.2 51.2 100 959 6.25 4.25 0.5 12.81 SH 02 
2019 2 AMBALI 12 5 12 8 -7.8 63.6 135 929 3.25 1.75 0.75 8.2 SH 03 
2020 3 CALVINIA 12 29 1 3 -19.4 59.8 70 973 5.25 1.0 0 5.64 SH 05 
2020 4 BLAKE 1 5 1 8 -16.0 121.3 50 989 2.75 0 0 1.77 SH 06 
2020 5 CLAUDIA 1 11 1 16 -13.2 126.2 85 971 4.75 2.0 0 6.94 SH 07 
2020 6 NINE 1 22 1 23 -20.2 69.9 35 1000 0.75 0 0 0.37 SH 09 
2020 7 DIANE 1 25 1 27 -20.0 58.7 50 985 2.25 0 0 1.74 SH 10 
2020 8 ESAMI 1 25 1 26 -23.7 71.8 45 991 1.75 0 0 1.17 SH 11 
2020 9 FRANCISCO 2 4 2 14 -15.7 66.3 45 994 2.75 0 0 1.61 SH 13 
2020 10 DAMIEN 2 6 2 9 -17.1 120.9 95 961 3.5 1.75 0 6.17 SH 14 
2020 11 GABEKILE 2 15 2 18 -16.4 74.5 75 978 3.25 1.25 0 4.3 SH 16 
2020 12 FERDINAND 2 23 2 29 -13.4 118.7 95 962 5.75 2.5 0 10.37 SH 20 
2020 13 TWENTY-ON 3 11 3 11 -16.3 116.9 35 1003 0.75 0 0 0.37 SH 21 
2020 14 HEROLD 3 13 3 19 -14.3 52.4 100 963 6.5 3.5 0.25 11.14 SH 22 
2020 15 IRONDRO 4 2 4 6 -13.1 69.5 95 958 4.5 2.0 0 8.14 SH 24 
2020 16 JERUTO 4 14 4 15 -14.8 86.2 40 999 1.25 0 0 0.76 SH 26 
2020 17 MANGGA 5 21 5 23 -7.7 91.1 40 996 3.0 0 0 1.51 SH 27 
