0
0
0
0
0
0
0
0
0
0
0
0
0
0
0
0
0
0
0
0
0
0
0
0
0
0
0
0
0
0
0
0
0
0
0
0
0
0
0
0
0
0
0
0
0
0
0
0
0
0
0
0
0
0
0
0
0
0
0
0
0
0
0
0
0
0
0
0
0
0
0
0
0
0
0
0
0
0
0
0
0
0
0
0
0
0
0
0
0
0
0
0
0
0
0
0
0
0
0
0
0
0
0
0
0
0
0
0
0
0
0
0
0
0
0
0
0
0
0
0
0
0
0
0
0
0
0
0
0
0
0
0
0
0
0
0
0
0
0
0
0
0
0
0
0
0
0
0.8
2.4
3.2
3.2
3.2
3.2
3.2
3.2
3.2
3.2
3.2
3.2
3.2
3.2
3.2
3.2
3.2
3.2
3.2
3.2
3.2
3.2
3.2
3.2
3.2
3.2
3.2
3.2
3.2
3.2
3.2
3.2
3.7
4.9
6.7
8.4
9.3
9.5
9.7
10.1
10.1
10.1
10.1
10.1
10.1

10.1
10.1
10.1
10.1
10.1
10.1
10.1
10.1
10.5
12.2
13.8
14.1
14.1
14.1
14.1
14.1
14.1
14.4
14.5
14.5
14.5
14.5
14.5
14.5
14.5
14.5
14.5
14.5
14.5
14.5
14.5
14.7
15.5
17.3
19.4
20.9
21.9
22.8
22.8
22.8
22.8
22.8
22.8
23.0
23.7
24.6
25.2
25.6
25.6
25.6
25.6
25.6
25.6
25.6
25.6
25.6
25.6
25.6
25.6
25.6
25.6
25.6
25.6
25.6
25.6
25.6
25.6
26.1
27.2
27.7
27.7
27.7
27.7
27.7
27.7
27.7
27.7
27.7
27.7
27.7
27.7
27.7
27.7
27.7
27.7
27.7
28.0
29.6
34.6
39.9
47.0
52.0
57.2
59.7
59.7
59.7
59.7
59.7
59.7
59.7
59.7
59.7
59.7
59.7
59.7
59.7
59.7
59.7
59.7
59.7
59.7
59.7
59.7
59.7
59.7
59.7
59.7
59.7
59.7
59.7
59.7
59.7
59.7
59.7
59.7
59.7
59.7
59.7
59.7
59.7
59.7
59.7
59.7
59.7
59.7
59.7
59.7
59.7
59.7
59.7
59.7
59.7
59.7
59.7
59.7
59.7
